white snf

[ 0.01299836, -0.03012585,  0.07124995, -0.26521294,  1.63375852,
        4.50526101,  4.11444156,  3.40585562,  2.78600035,  2.28647785,
        1.86656912,  1.51954953,  1.23677639,  0.99695907,  0.81539912,
        0.60940865,  0.51482553,  0.52459165,  0.74474811,  0.7159596 ]

long_white snf

[ 8.75209547e-04, -5.12648546e-04, -1.06343443e-05,  5.17277831e-04,
        5.76020105e-04, -1.78498807e-03,  2.70717343e-04,  3.39517879e-03,
        1.17364993e-04,  3.47189251e-03, -2.77884402e-02,  2.25256651e-01,
        1.53211645e+00,  2.71260616e+00,  2.85163541e+00,  2.68231246e+00,
        2.49887832e+00,  2.32261256e+00,  2.15163256e+00,  1.98987325e+00,
        1.84327655e+00,  1.70363289e+00,  1.57684721e+00,  1.45894308e+00,
        1.34620735e+00,  1.24344676e+00,  1.14875831e+00,  1.05996924e+00,
        9.77940735e-01,  9.01521440e-01,  8.31015438e-01,  7.65703752e-01,
        7.04412923e-01,  6.47588527e-01,  5.97098299e-01,  5.52058814e-01,
        5.07784410e-01,  4.60327335e-01,  4.11680342e-01,  3.68217090e-01,
        3.35095752e-01,  3.14173527e-01,  3.05521495e-01,  3.09191956e-01,
        3.27371190e-01,  3.63376683e-01,  4.20786517e-01,  4.84773498e-01,
        4.98668139e-01,  3.84343068e-01]

sherk fnf

[-1.12788319, -0.35224986, -1.13249553, -0.69484605, -0.85141106,
       -1.0721668 , -1.19112656, -1.30353202, -1.11250894, -1.37359941,
       -1.31133745, -1.46352825, -1.44682712, -1.43997257, -1.47154248,
       -1.48784049, -1.52388266, -1.53932955, -1.57872183, -1.66000324,
       -1.70441442, -1.76664899, -1.8101506 , -1.86585329, -1.88706059,
       -1.90525946, -1.93715038, -1.99228346, -2.09901146, -2.21256264,
       -2.35194037, -2.4368731 , -2.51756644, -2.55694612, -2.6138898 ,
       -2.68929358, -2.7307342 , -2.77507931, -2.81467138, -2.8921868 ,
       -2.94534693, -2.99524317, -3.02026618, -3.06416705, -3.09471267,
       -3.18679713, -3.35016403, -3.44601617, -3.32550161, -3.60760735]

ruler fnf

[-0.98964649, -0.30198575, -0.83014867, -0.58318854, -0.92427822,
       -0.82466454, -0.96779146, -1.02185355, -1.13355686, -1.16005283,
       -1.22631398, -1.22249922, -1.20991191, -1.16446291, -1.12148061,
       -1.09424939, -1.06757305, -1.07011663, -1.10392753, -1.140576  ,
       -1.17197253, -1.21321978, -1.28955438, -1.42808701, -1.58784635,
       -1.68009715, -1.7287787 , -1.77017202, -1.86482279, -1.90407982,
       -1.87920054, -1.85225715, -1.94941657, -2.04092349, -2.13834989,
       -2.2011016 , -2.27979407, -2.35926772, -2.45818096, -2.49590666,
       -2.55012745, -2.59210689, -2.64121529, -2.63835607, -2.62551729,
       -2.67174522, -2.69945106, -2.73245735, -2.52306002, -2.87600832]

wedgenoise fnf 20

[-0.53673007, -0.70773709, -0.90990493, -1.08611794, -1.13482954,
       -1.27939222, -1.41976074, -1.58847906, -1.73481667, -1.92490941,
       -1.78646696, -1.95066562, -2.09286639, -2.25158518, -2.41829681,
       -2.57890638, -2.74179584, -2.86198822, -2.94613279, -2.91304337]

wedge snf 20

[ 0.14082066, -0.38594925,  2.00372733,  4.71429296,  4.00660333,
        3.60343456,  3.11383993,  2.62132061,  2.19771355,  1.85855432,
        1.56756369,  1.3209814 ,  1.11905575,  0.93927551,  0.80611239,
        0.66418269,  0.58230276,  0.54500223,  0.926635  ,  1.00199695]